FID	IID	Sex	Phenotype_qt	Phenotype_binary
1341	NA06985	2	5.60410592018966	2
1341	NA06991	2	NA	NA
1341	NA06993	1	6.36470950340073	2
1340	NA06994	1	4.92404335441672	1
1340	NA07000	2	5.133625049038	1
1340	NA07019	2	4.41904844822804	1
1340	NA07022	1	2.94150624806691	1
1340	NA07029	1	4.39458594864678	1
1341	NA07034	1	5.15766170868354	1
1341	NA07048	1	NA	NA
1341	NA07055	2	6.14166331605877	2
1340	NA07056	2	4.79896557777208	1
1345	NA07345	2	6.38399007364265	2
1345	NA07348	2	5.5529016411891	1
1345	NA07357	1	3.1180324681505	1
1408	NA10830	1	5.76782520982942	2
1408	NA10831	2	6.67927004358804	2
1416	NA10835	1	3.95327413323708	1
1420	NA10838	1	4.80626261897046	1
1420	NA10839	2	5.07364515897156	1
1334	NA10846	1	4.96378035927686	1
1334	NA10847	2	6.39394359398208	2
1344	NA10851	1	5.61623629254928	2
1349	NA10854	2	3.99049538403182	1
1350	NA10855	2	4.19166500274319	1
1350	NA10856	1	5.43527991574131	1
1346	NA10857	1	6.37269324303869	2
1347	NA10859	2	4.07999670160003	1
1362	NA10860	1	6.08011215591749	2
1362	NA10861	2	4.93740738126062	1
1375	NA10863	2	5.03489170472334	1
1350	NA11829	1	4.89619702728753	1
1350	NA11830	2	5.75454531235348	2
1350	NA11831	1	4.47382397558	1
1350	NA11832	2	4.17922004542786	1
1349	NA11839	1	4.48477204064423	1
1349	NA11840	2	3.20099457905797	1
1347	NA11881	1	3.99194950169231	1
1347	NA11882	2	5.36199605712317	1
1362	NA11992	1	4.02741184948064	1
1362	NA11993	2	6.5837327770311	2
1362	NA11994	1	4.47114172008257	1
1362	NA11995	2	NA	NA
1420	NA12003	1	3.7423639349411	1
1420	NA12004	2	5.54461511871568	1
1420	NA12005	1	4.24848566907022	1
1420	NA12006	2	5.96349039553212	2
1346	NA12043	1	2.58969821447899	1
1346	NA12044	2	5.46232070940197	1
1344	NA12056	1	3.17153066512494	1
1344	NA12057	2	5.29699190449125	1
1334	NA12144	1	3.76711706196145	1
1334	NA12145	2	4.44331678669543	1
1334	NA12146	1	5.15118945444839	1
1408	NA12154	1	5.09155578836337	1
1408	NA12155	1	5.84122285357283	2
1408	NA12156	2	3.82314148349921	1
1375	NA12234	2	7.07336316183473	2
1408	NA12236	2	5.27732946511895	1
1334	NA12239	2	5.05159613739378	1
1416	NA12248	1	3.92032076636843	1
1416	NA12249	2	5.17964275662251	1
1375	NA12264	1	6.00437876586054	2
1358	NA12707	1	5.46165675927417	1
1358	NA12716	1	5.26072622474237	1
1358	NA12717	2	5.33463550494722	1
1444	NA12740	2	5.83096893198599	2
1444	NA12750	1	4.35893958215385	1
1444	NA12751	2	6.35339740243523	2
1447	NA12752	1	3.65595689603089	1
1447	NA12753	2	4.33318371678937	1
1447	NA12760	1	5.17331842464213	1
1447	NA12761	2	5.39440841930627	1
1447	NA12762	1	5.58139465685027	2
1447	NA12763	2	NA	NA
1454	NA12801	1	5.09823686916167	1
1454	NA12802	2	3.75992067520163	1
1454	NA12812	1	5.49679868956449	1
1454	NA12813	2	3.7478890729529	1
1454	NA12814	1	4.40977694694909	1
1454	NA12815	2	5.69181850958326	2
1459	NA12864	1	NA	NA
1459	NA12865	2	4.55856228723048	1
1459	NA12872	1	5.11155286119265	1
1459	NA12873	2	4.7570453321863	1
1459	NA12874	1	4.70166086854194	1
1459	NA12875	2	5.23460670189852	1
1463	NA12878	2	6.75352486924816	2
1463	NA12891	1	NA	NA
1463	NA12892	2	3.41508648491276	1
